76561197989849210
76561197960395808
76561198978304037
76561198041131425
76561197960449715
76561198048280109
76561198199705338
76561198190853798
76561198856102794
76561198950702509
76561198058438389
76561198365878337
76561198349037967
76561197985995976
76561198098439330
76561198000826577
76561198273597918
76561198046556149
76561198046556149
76561198046556149
76561198046556149
76561197975479468
76561197975479468
76561197975479468
76561197976885120
76561198206635129
76561198114358193
76561198352513928
76561198810548877
76561197963693000
76561197994477006
76561197961105771
76561198802836993
76561198024697920
76561198865305529
