76561197989849210 1
76561197960395808 0
76561198978304037 0
76561198041131425 0
76561197960449715 0
76561198048280109 0
76561198199705338 0
76561198190853798 0
76561198856102794 0
76561198950702509 0
76561198058438389 0
76561198365878337 0
76561198349037967 0
76561197985995976 0
76561198098439330 0
76561198000826577 0
76561198273597918 0
76561198046556149 0
76561197975479468 0
76561197976885120 0
76561198206635129 0
76561198114358193 0
76561198352513928 0
76561198810548877 0
76561197963693000 0
76561197994477006 0
76561197961105771 0
76561198802836993 0
76561198024697920 0
76561198865305529 0
